%YAML:1.0
cameraMatrix: !!opencv-matrix
   rows: 3
   cols: 3
   dt: d
   data: [ 3.6486855927663527e+02, 0., 2.5016114832249795e+02, 0.,
       3.6382151366882817e+02, 2.0695789458565537e+02, 0., 0., 1. ]
distortionCoefficients: !!opencv-matrix
   rows: 1
   cols: 5
   dt: d
   data: [ 1.0464653399944318e-01, -3.2141235902139409e-01,
       1.1663452358737518e-03, -5.0397982213571673e-06,
       1.4672014214460269e-01 ]
rotation: !!opencv-matrix
   rows: 3
   cols: 3
   dt: d
   data: [ 1., 0., 0., 0., 1., 0., 0., 0., 1. ]
projection: !!opencv-matrix
   rows: 4
   cols: 4
   dt: d
   data: [ 3.6486855927663527e+02, 0., 2.5016114832249795e+02, 0., 0.,
       3.6382151366882817e+02, 2.0695789458565537e+02, 0., 0., 0., 1.,
       0., 0., 0., 0., 1. ]
