%YAML:1.0
rotation: !!opencv-matrix
   rows: 3
   cols: 3
   dt: d
   data: [ 9.9999982396641074e-01, 4.6684671298284766e-04,
       -3.6622574204913538e-04, -4.6678273378323280e-04,
       9.9999987578555893e-01, 1.7476483112376090e-04,
       3.6630728494555057e-04, -1.7459385250625451e-04,
       9.9999991766797647e-01 ]
translation: !!opencv-matrix
   rows: 3
   cols: 1
   dt: d
   data: [ -5.1085287017965719e-02, -2.1467029853862335e-04,
       -1.7875419513007321e-03 ]
essential: !!opencv-matrix
   rows: 3
   cols: 3
   dt: d
   data: [ -9.1302901299650407e-07, 1.7875792093766483e-03,
       -2.1435788139713755e-04, -1.7688287238450914e-03,
       -9.7536851511380777e-06, 5.1085937455888228e-02,
       2.3851599067978733e-04, -5.1085180454312103e-02,
       -9.0065293479818517e-06 ]
fundamental: !!opencv-matrix
   rows: 3
   cols: 3
   dt: d
   data: [ -6.9893878462197343e-10, 1.3723595935578593e-06,
       -3.4371872765914737e-04, -1.3565759303014849e-06,
       -7.5019665419740800e-09, 1.4636309334970638e-02,
       9.1494345091953368e-04, -4.2469512379210962e-02, 1. ]
