%YAML:1.0
depthShift: -1.5807220130537532e+01
