%YAML:1.0
cameraMatrix: !!opencv-matrix
   rows: 3
   cols: 3
   dt: d
   data: [ 1.0498606370058446e+03, 0., 9.4649033257242093e+02, 0.,
       1.0479194231122351e+03, 5.3265727076716882e+02, 0., 0., 1. ]
distortionCoefficients: !!opencv-matrix
   rows: 1
   cols: 5
   dt: d
   data: [ 3.5193802133823629e-02, -3.2909274083840409e-02,
       2.0358109130082665e-03, -1.1479534598080535e-04,
       -6.6537233869697881e-03 ]
rotation: !!opencv-matrix
   rows: 3
   cols: 3
   dt: d
   data: [ 1., 0., 0., 0., 1., 0., 0., 0., 1. ]
projection: !!opencv-matrix
   rows: 4
   cols: 4
   dt: d
   data: [ 1.0498606370058446e+03, 0., 9.4649033257242093e+02, 0., 0.,
       1.0479194231122351e+03, 5.3265727076716882e+02, 0., 0., 0., 1.,
       0., 0., 0., 0., 1. ]
