%YAML:1.0
rotation: !!opencv-matrix
   rows: 3
   cols: 3
   dt: d
   data: [ 9.9998084984689961e-01, -5.2936306550557819e-03,
       3.2058406011932820e-03, 5.3008266934635147e-03,
       9.9998344091136471e-01, -2.2403435971074690e-03,
       -3.1939279638511357e-03, 2.2572942996183449e-03,
       9.9999235169405509e-01 ]
translation: !!opencv-matrix
   rows: 3
   cols: 1
   dt: d
   data: [ -5.1766521237568731e-02, -6.6949062538435489e-05,
       4.7415845383059232e-04 ]
essential: !!opencv-matrix
   rows: 3
   cols: 3
   dt: d
   data: [ -2.2996013060014639e-06, -4.7430172593596097e-04,
       -6.5886272635468725e-05, 3.0881083385164319e-04,
       1.1434225357408440e-04, 5.1767645387799294e-02,
       -2.0745757715021231e-04, -5.1766018434764999e-02,
       1.1618942242201247e-04 ]
fundamental: !!opencv-matrix
   rows: 3
   cols: 3
   dt: d
   data: [ -5.6459167679188104e-09, -1.1659847848187897e-06,
       1.7214655961925830e-04, 7.5943252888219331e-07,
       2.8155268169284560e-07, 4.6153709925388871e-02,
       -9.5215953735251649e-04, -1.3332029599632853e-01, 1. ]
