%YAML:1.0
depthShift: -2.2241978220152173e+01
