%YAML:1.0
cameraMatrix: !!opencv-matrix
   rows: 3
   cols: 3
   dt: d
   data: [ 1.0549839919582068e+03, 0., 9.3477632765602505e+02, 0.,
       1.0532491743386074e+03, 5.5315960921969474e+02, 0., 0., 1. ]
distortionCoefficients: !!opencv-matrix
   rows: 1
   cols: 5
   dt: d
   data: [ 4.0074038186588876e-02, -4.4297166417608606e-02,
       7.8686970553471598e-04, 7.9965378975741918e-04,
       6.8175480103610736e-04 ]
rotation: !!opencv-matrix
   rows: 3
   cols: 3
   dt: d
   data: [ 1., 0., 0., 0., 1., 0., 0., 0., 1. ]
projection: !!opencv-matrix
   rows: 4
   cols: 4
   dt: d
   data: [ 1.0549839919582068e+03, 0., 9.3477632765602505e+02, 0., 0.,
       1.0532491743386074e+03, 5.5315960921969474e+02, 0., 0., 0., 1.,
       0., 0., 0., 0., 1. ]
