%YAML:1.0
cameraMatrix: !!opencv-matrix
   rows: 3
   cols: 3
   dt: d
   data: [ 3.6448876598001254e+02, 0., 2.5426988975834925e+02, 0.,
       3.6402222005220409e+02, 1.9697637231511902e+02, 0., 0., 1. ]
distortionCoefficients: !!opencv-matrix
   rows: 1
   cols: 5
   dt: d
   data: [ 1.0325920631359449e-01, -3.0782713476727580e-01,
       1.4128620302713904e-03, 2.2139879213676055e-04,
       1.3115494734541180e-01 ]
rotation: !!opencv-matrix
   rows: 3
   cols: 3
   dt: d
   data: [ 1., 0., 0., 0., 1., 0., 0., 0., 1. ]
projection: !!opencv-matrix
   rows: 4
   cols: 4
   dt: d
   data: [ 3.6448876598001254e+02, 0., 2.5426988975834925e+02, 0., 0.,
       3.6402222005220409e+02, 1.9697637231511902e+02, 0., 0., 0., 1.,
       0., 0., 0., 0., 1. ]
