%YAML:1.0
cameraMatrix: !!opencv-matrix
   rows: 3
   cols: 3
   dt: d
   data: [ 1.0513540688298792e+03, 0., 9.5080732031705577e+02, 0.,
       1.0504156300041839e+03, 5.2548662748433208e+02, 0., 0., 1. ]
distortionCoefficients: !!opencv-matrix
   rows: 1
   cols: 5
   dt: d
   data: [ 5.2425585550035673e-02, -6.5146654325422992e-02,
       2.0710388487081015e-03, 7.1383768761411196e-04,
       1.5713632168186109e-02 ]
rotation: !!opencv-matrix
   rows: 3
   cols: 3
   dt: d
   data: [ 1., 0., 0., 0., 1., 0., 0., 0., 1. ]
projection: !!opencv-matrix
   rows: 4
   cols: 4
   dt: d
   data: [ 1.0513540688298792e+03, 0., 9.5080732031705577e+02, 0., 0.,
       1.0504156300041839e+03, 5.2548662748433208e+02, 0., 0., 0., 1.,
       0., 0., 0., 0., 1. ]
