%YAML:1.0
depthShift: 1.0150653571837179e+01
