%YAML:1.0
cameraMatrix: !!opencv-matrix
   rows: 3
   cols: 3
   dt: d
   data: [ 4.2659516936331130e+02, 0., 2.5502925769808476e+02, 0.,
       4.1850445972385637e+02, 1.9835734211774013e+02, 0., 0., 1. ]
distortionCoefficients: !!opencv-matrix
   rows: 1
   cols: 5
   dt: d
   data: [ 3.4740264792357400e-01, -1.5777027377957780e+00,
       2.9606418733573028e-02, 8.6688344977361401e-04,
       2.1215108977571147e+00 ]
rotation: !!opencv-matrix
   rows: 3
   cols: 3
   dt: d
   data: [ 1., 0., 0., 0., 1., 0., 0., 0., 1. ]
projection: !!opencv-matrix
   rows: 4
   cols: 4
   dt: d
   data: [ 4.2659516936331130e+02, 0., 2.5502925769808476e+02, 0., 0.,
       4.1850445972385637e+02, 1.9835734211774013e+02, 0., 0., 0., 1.,
       0., 0., 0., 0., 1. ]
