%YAML:1.0
rotation: !!opencv-matrix
   rows: 3
   cols: 3
   dt: d
   data: [ 9.9581170707846445e-01, -9.8664896545229280e-03,
       9.0893874531629740e-02, 3.3763027120736321e-03,
       9.9745042923366856e-01, 7.1282829640572504e-02,
       -9.1365445467479114e-02, -7.0677391034669856e-02,
       9.9330612691710574e-01 ]
translation: !!opencv-matrix
   rows: 3
   cols: 1
   dt: d
   data: [ -2.3206531434245647e-01, -1.4825637901195474e-01,
       -3.0824329658080440e-01 ]
essential: !!opencv-matrix
   rows: 3
   cols: 3
   dt: d
   data: [ 1.4586232790046953e-02, 3.1793578255573651e-01,
       -1.2529151522910129e-01, -3.2815503418607334e-01,
       -1.3360491670574825e-02, 2.0249447105667454e-01,
       1.4685191511897380e-01, -2.3293641743086793e-01,
       -3.0666755553328730e-03 ]
fundamental: !!opencv-matrix
   rows: 3
   cols: 3
   dt: d
   data: [ 4.3706507910006844e-07, 9.7108717806172983e-06,
       -3.6392373233638808e-03, -9.8416941295598163e-06,
       -4.0844076029622894e-07, 5.1816536972520396e-03,
       9.3823904428216674e-03, -1.6498599900536193e-02, 1. ]
