shelf_pose/x: 1.9282
shelf_pose/y: 0.0124050312627
shelf_pose/z: -0.513553368384
shelf_pose/qx: 0
shelf_pose/qy: 0
shelf_pose/qz: 0.7071
shelf_pose/qw: 0.7071


