%YAML:1.0
cameraMatrix: !!opencv-matrix
   rows: 3
   cols: 3
   dt: d
   data: [ 3.6301947375646643e+02, 0., 2.5600515640779406e+02, 0.,
       3.6245322030834768e+02, 1.9998174986764229e+02, 0., 0., 1. ]
distortionCoefficients: !!opencv-matrix
   rows: 1
   cols: 5
   dt: d
   data: [ 1.0325563013382179e-01, -2.9970030078808074e-01,
       1.3181575519490450e-03, 5.8243047973055161e-04,
       1.2013218706172332e-01 ]
rotation: !!opencv-matrix
   rows: 3
   cols: 3
   dt: d
   data: [ 1., 0., 0., 0., 1., 0., 0., 0., 1. ]
projection: !!opencv-matrix
   rows: 4
   cols: 4
   dt: d
   data: [ 3.6301947375646643e+02, 0., 2.5600515640779406e+02, 0., 0.,
       3.6245322030834768e+02, 1.9998174986764229e+02, 0., 0., 0., 1.,
       0., 0., 0., 0., 1. ]
