%YAML:1.0
rotation: !!opencv-matrix
   rows: 3
   cols: 3
   dt: d
   data: [ 9.9998957454385196e-01, -4.1317586588918240e-03,
       1.9440612105865057e-03, 4.1254399735648414e-03,
       9.9998623139314047e-01, 3.2431110324935486e-03,
       -1.9574341956622599e-03, -3.2350571137524731e-03,
       9.9999285140286898e-01 ]
translation: !!opencv-matrix
   rows: 3
   cols: 1
   dt: d
   data: [ -5.2077402463695938e-02, 6.4602218003632212e-05,
       6.6476295453091379e-04 ]
essential: !!opencv-matrix
   rows: 3
   cols: 3
   dt: d
   data: [ -2.8688942562028365e-06, -6.6496279353605485e-04,
       6.2445856116569715e-05, 5.6281793567017802e-04,
       -1.7122001139942373e-04, 5.2078322523200229e-02,
       -2.7944374233919672e-04, -5.2076418509641530e-02,
       -1.6901838913975772e-04 ]
fundamental: !!opencv-matrix
   rows: 3
   cols: 3
   dt: d
   data: [ -3.0218020371676162e-09, -7.0149854544502793e-07,
       1.6493779252988122e-04, 5.9361135964901934e-07,
       -1.8087009059631280e-07, 1.9824020876761390e-02,
       -6.1755289352864793e-04, -5.6944241772140143e-02,
       9.9999999999999989e-01 ]
