%YAML:1.0
cameraMatrix: !!opencv-matrix
   rows: 3
   cols: 3
   dt: d
   data: [ 1.0507222637352986e+03, 0., 9.7676458833042864e+02, 0.,
       1.0493131825388450e+03, 5.2431161870268738e+02, 0., 0., 1. ]
distortionCoefficients: !!opencv-matrix
   rows: 1
   cols: 5
   dt: d
   data: [ 3.2556046504409006e-02, -2.7284539162969058e-02,
       1.6744685706256692e-03, 1.3721734854087189e-04,
       -8.9190773993925478e-03 ]
rotation: !!opencv-matrix
   rows: 3
   cols: 3
   dt: d
   data: [ 1., 0., 0., 0., 1., 0., 0., 0., 1. ]
projection: !!opencv-matrix
   rows: 4
   cols: 4
   dt: d
   data: [ 1.0507222637352986e+03, 0., 9.7676458833042864e+02, 0., 0.,
       1.0493131825388450e+03, 5.2431161870268738e+02, 0., 0., 0., 1.,
       0., 0., 0., 0., 1. ]
