%YAML:1.0
depthShift: -2.0519592165793576e+01
